image: apartment.png
resolution: 0.020000
origin: [-1.500000, -1.500000, 0.000000]
negate: 0
occupied_thresh: 0.65
free_thresh: 0.196

